#  ID    TEFF     LOGG     META    ALPHAM   COEFF   Min.Coeff  log(M/L)   AV   N.Coeff  Err.Coeff 
 0000   3.5860   0.9257  -0.5619   0.1140  0.0000     0.0000   12.5737  0.00   0.0000     0.0000
 0001   3.5848   0.9693  -0.1710   0.0593  0.0000     0.0000   12.3123  0.00   0.0000     0.0000
 0002   3.6055   1.6098   0.0511   0.0507  0.0000     0.0000   12.4671  0.00   0.0000     0.0000
 0003   3.5556   1.6946  -0.0959   0.2328  0.0000     0.0000   12.4607  0.00   0.0000     0.0000
 0004   3.5910   2.7395  -0.0857   0.0871  0.0000     0.0000   12.2250  0.00   0.0000     0.0000
 0005   3.6312   0.8914  -1.7362   0.0778  0.0000     0.0000   13.0171  0.00   0.0000     0.0000
 0006   3.6285   1.2424  -1.1176   0.1371  0.0000     0.0000   13.2676  0.00   0.0000     0.0000
 0007   3.6404   1.2982  -1.0541   0.2237  0.0000     0.0000   11.3789  0.00   0.0000     0.0000
 0008   3.6234   1.2668  -0.3951   0.0731  0.0081     0.0076   13.1910  0.00   0.0081     0.0014
 0009   3.6309   0.5873  -0.3141   0.4360  0.0000     0.0000   12.4821  0.00   0.0000     0.0000
 0010   3.6811   2.0152  -2.0865   0.2768  0.0000     0.0000   12.9436  0.00   0.0000     0.0000
 0011   3.6623   1.8985  -0.6901   0.1031  0.0345     0.0341   13.0312  0.00   0.0345     0.0025
 0012   3.6708   1.9788  -1.0522   0.2759  0.0000     0.0000   13.1611  0.00   0.0000     0.0000
 0013   3.6529   2.0059  -0.1325   0.0675  0.0000     0.0000   12.6699  0.00   0.0000     0.0000
 0014   3.6729   2.0622  -0.2107   0.2387  0.0000     0.0000   13.1105  0.00   0.0000     0.0000
 0015   3.6930   2.4578  -2.1232   0.2739  0.0000     0.0000   13.2832  0.00   0.0000     0.0000
 0016   3.6987   2.9074  -0.7813   0.1217  0.0000     0.0000   13.3531  0.00   0.0000     0.0000
 0017   3.6955   2.8685  -0.9635   0.2565  0.0000     0.0000   13.5079  0.00   0.0000     0.0000
 0018   3.6836   2.8632  -0.0780   0.0642  0.0000     0.0000   12.6515  0.00   0.0000     0.0000
 0019   3.6912   2.9068  -0.2951   0.2364  0.0248     0.0241   13.0116  0.00   0.0248     0.0026
 0020   3.7181   3.9950  -2.0302   0.3141  0.0199     0.0190   13.8408  0.00   0.0199     0.0031
 0021   3.7170   3.4481  -0.5734   0.1285  0.0000     0.0000   13.6989  0.00   0.0000     0.0000
 0022   3.7097   4.0581  -0.8080   0.2766  0.0000     0.0000   13.2647  0.00   0.0000     0.0000
 0023   3.7012   3.8407  -0.0629   0.0464  0.0000     0.0000   13.4310  0.00   0.0000     0.0000
 0024   3.6983   3.7665   0.0216   0.2961  0.0498     0.0486   12.9907  0.00   0.0498     0.0050
 0025   3.7116   4.5621  -0.6418   0.1224  0.0000     0.0000   13.2531  0.00   0.0000     0.0000
 0026   3.7025   4.6317   0.0688   0.0338  0.0000     0.0000   13.4913  0.00   0.0000     0.0000
 0027   3.7201   4.8625  -0.3388   0.2198  0.0000     0.0000   13.5870  0.00   0.0000     0.0000
 0028   3.8171   2.1409  -2.9404   0.2133  0.0000     0.0000   13.3590  0.00   0.0000     0.0000
 0029   3.7655   1.9497  -2.4204   0.2750  0.0879     0.0864   14.0367  0.00   0.0879     0.0073
 0030   3.7757   2.3593  -0.2036  -0.0434  0.0000     0.0000   13.9446  0.00   0.0000     0.0000
 0031   3.7851   2.8658  -2.9796   0.0813  0.0000     0.0000   12.4990  0.00   0.0000     0.0000
 0032   3.8246   3.3659  -2.4920   0.1594  0.0000     0.0000   12.8868  0.00   0.0000     0.0000
 0033   3.8207   2.5838  -1.9610   0.3875  0.0000     0.0000   13.2403  0.00   0.0000     0.0000
 0034   3.7845   3.0500  -0.8111   0.0705  0.0000     0.0000   13.2525  0.00   0.0000     0.0000
 0035   3.7538   2.8948  -1.0907   0.2257  0.0000     0.0000   13.4924  0.00   0.0000     0.0000
 0036   3.7759   3.1890  -0.1180   0.0306  0.0000     0.0000   12.8152  0.00   0.0000     0.0000
 0037   3.7756   3.3630   0.1517   0.3227  0.0000     0.0000   12.3667  0.00   0.0000     0.0000
 0038   3.8138   3.1570  -0.3868   0.5872  0.0000     0.0000   13.6511  0.00   0.0000     0.0000
 0039   3.7771   4.1724  -3.3715   0.1209  0.0000     0.0000   12.2106  0.00   0.0000     0.0000
 0040   3.7653   4.0108  -2.9952   0.4010  0.0059     0.0056   13.7052  0.00   0.0059     0.0009
 0041   3.7960   3.9188  -1.9813   0.0659  0.0000     0.0000   12.1721  0.00   0.0000     0.0000
 0042   3.7913   3.8731  -1.7943   0.3178  0.0000     0.0000   13.4487  0.00   0.0000     0.0000
 0043   3.7939   4.1058  -0.7053   0.1024  0.0000     0.0000   13.3098  0.00   0.0000     0.0000
 0044   3.7817   4.0063  -0.8993   0.2680  0.0000     0.0000   13.5482  0.00   0.0000     0.0000
 0045   3.7904   4.1021  -0.1510   0.0605  0.0000     0.0000   13.0457  0.00   0.0000     0.0000
 0046   3.7704   3.9965  -0.0811   0.2635  0.1548     0.1549   13.1121  0.00   0.1548     0.0061
 0047   3.7531   3.8227   0.3939   0.6179  0.3613     0.3670   14.4388  0.00   0.3613     0.0060
 0048   3.7821   4.7370  -3.5639   0.1639  0.0000     0.0000   12.2135  0.00   0.0000     0.0000
 0049   3.8054   4.6324  -0.7078   0.1054  0.0000     0.0000   13.5562  0.00   0.0000     0.0000
 0050   3.7912   4.7609  -0.7195   0.2807  0.0000     0.0000   13.2716  0.00   0.0000     0.0000
 0051   3.7973   4.6121  -0.1644   0.0521  0.0000     0.0000   13.1387  0.00   0.0000     0.0000
 0052   3.7690   4.6315  -0.0901   0.3204  0.2207     0.2211   13.4366  0.00   0.2207     0.0078
 0053   3.8473   2.3147  -3.0749  -0.0629  0.0000     0.0000   11.4467  0.00   0.0000     0.0000
 0054   3.9332   2.2817  -2.6878   0.7588  0.0000     0.0000   11.8887  0.00   0.0000     0.0000
 0055   3.8806   2.3548  -0.1647   0.0506  0.0000     0.0000   12.4812  0.00   0.0000     0.0000
 0056   3.9189   2.6054  -2.9667   0.0313  0.0000     0.0000   12.4523  0.00   0.0000     0.0000
 0057   3.8877   3.1679  -1.8523   0.1237  0.0000     0.0000   13.1412  0.00   0.0000     0.0000
 0058   3.8880   2.9137  -2.1546   0.3886  0.0000     0.0000   12.8808  0.00   0.0000     0.0000
 0059   3.8756   2.9483  -0.9718   0.0835  0.0000     0.0000   12.2305  0.00   0.0000     0.0000
 0060   3.8800   3.2121  -1.3275   0.3488  0.0000     0.0000   13.1565  0.00   0.0000     0.0000
 0061   3.8982   3.2498  -1.5534   0.7005  0.0192     0.0190   14.2091  0.00   0.0192     0.0012
 0062   3.8775   3.1265  -0.1685   0.0146  0.0017     0.0016   12.3010  0.00   0.0017     0.0003
 0063   3.8699   3.7261  -2.9521  -0.1176  0.0000     0.0000   11.4714  0.00   0.0000     0.0000
 0064   3.8494   3.6652  -2.9011   0.2990  0.0000     0.0000   13.4662  0.00   0.0000     0.0000
 0065   3.9155   3.7913  -2.7507   0.6635  0.0000     0.0000   13.9691  0.00   0.0000     0.0000
 0066   3.8849   3.9097  -1.8512   0.0189  0.0000     0.0000   13.6685  0.00   0.0000     0.0000
 0067   3.8936   3.8949  -1.9674   0.3458  0.0000     0.0000   13.5999  0.00   0.0000     0.0000
 0068   3.9100   3.4704  -1.6686   0.7498  0.0000     0.0000   13.8252  0.00   0.0000     0.0000
 0069   3.8708   4.0865  -0.7611   0.0179  0.0000     0.0000   13.2192  0.00   0.0000     0.0000
 0070   3.8897   4.0294  -1.0214   0.3127  0.0000     0.0000   13.1389  0.00   0.0000     0.0000
 0071   3.9365   3.7453  -0.9325   0.8582  0.0000     0.0000   13.4954  0.00   0.0000     0.0000
 0072   3.8611   4.0330  -0.0047   0.0006  0.0000     0.0000   12.8616  0.00   0.0000     0.0000
 0073   3.8985   4.1128  -0.0722   0.2752  0.0000     0.0000   12.7673  0.00   0.0000     0.0000
 0074   3.8558   4.7471  -3.2581  -0.0089  0.0000     0.0000   11.5860  0.00   0.0000     0.0000
 0075   3.8879   4.8199  -2.0670   0.0536  0.0000     0.0000   13.6513  0.00   0.0000     0.0000
 0076   3.9208   4.6866  -2.0828   0.5411  0.0000     0.0000   13.7418  0.00   0.0000     0.0000
 0077   3.9352   4.9352  -2.0430   0.6165  0.0053     0.0052   13.7845  0.00   0.0053     0.0005
 0078   3.8779   4.7744  -0.7681   0.0007  0.0057     0.0053   12.8073  0.00   0.0057     0.0011
 0079   3.8795   4.7953  -0.8122   0.2954  0.0000     0.0000   13.6058  0.00   0.0000     0.0000
 0080   3.8710   4.6979   0.0172  -0.0323  0.0000     0.0000   12.8438  0.00   0.0000     0.0000
 0081   3.8970   4.6464  -0.1183   0.2861  0.0000     0.0000   13.4766  0.00   0.0000     0.0000
 0082   4.0003   2.8592  -3.0273   0.0248  0.0000     0.0000   11.3408  0.00   0.0000     0.0000
 0083   3.9993   2.8005  -2.9864   0.3709  0.0000     0.0000   11.2235  0.00   0.0000     0.0000
 0084   4.0241   3.0832  -3.4560   0.6653  0.0000     0.0000   11.5744  0.00   0.0000     0.0000
 0085   4.0104   3.0981  -1.9824   0.0808  0.0000     0.0000   11.8231  0.00   0.0000     0.0000
 0086   4.0053   2.9551  -2.1527   0.3704  0.0000     0.0000   11.8534  0.00   0.0000     0.0000
 0087   4.0201   2.9112  -2.0226   0.6471  0.0000     0.0000   11.5570  0.00   0.0000     0.0000
 0088   4.0107   3.0980  -0.9695   0.0227  0.0000     0.0000   11.9818  0.00   0.0000     0.0000
 0089   4.0152   3.0923  -1.1325   0.3949  0.0000     0.0000   11.7706  0.00   0.0000     0.0000
 0090   4.0151   3.0940  -1.2029   0.6521  0.0000     0.0000   12.0401  0.00   0.0000     0.0000
 0091   3.9816   3.2021  -0.2306   0.0033  0.0004     0.0004   12.0235  0.00   0.0004     0.0001
 0092   4.0017   3.1856  -0.3296   0.3800  0.0000     0.0000   12.3199  0.00   0.0000     0.0000
 0093   3.9935   3.7727  -2.8054   0.3708  0.0000     0.0000   11.2184  0.00   0.0000     0.0000
 0094   3.9999   3.8281  -1.9588   0.0180  0.0000     0.0000   12.9476  0.00   0.0000     0.0000
 0095   3.9925   3.8868  -2.0540   0.3356  0.0000     0.0000   11.8304  0.00   0.0000     0.0000
 0096   3.9771   3.7913  -2.0952   0.8983  0.0000     0.0000   13.5862  0.00   0.0000     0.0000
 0097   4.0009   3.8829  -0.9446   0.0484  0.0000     0.0000   12.3541  0.00   0.0000     0.0000
 0098   4.0023   3.8833  -1.0167   0.3761  0.0000     0.0000   12.3458  0.00   0.0000     0.0000
 0099   3.9924   3.8853  -1.0648   0.7319  0.0000     0.0000   13.4057  0.00   0.0000     0.0000
 0100   3.9815   4.1306  -0.0414  -0.0060  0.0000     0.0000   12.7982  0.00   0.0000     0.0000
 0101   3.9859   3.9449  -0.1575   0.3009  0.0000     0.0000   12.5817  0.00   0.0000     0.0000
 0102   3.9951   4.1050  -0.3574   0.6510  0.0000     0.0000   13.2205  0.00   0.0000     0.0000
 0103   3.9799   4.7842  -1.7706  -0.0153  0.0000     0.0000   13.1273  0.00   0.0000     0.0000
 0104   4.0060   4.4877  -1.9504   0.2771  0.0000     0.0000   13.2057  0.00   0.0000     0.0000
 0105   3.9659   4.7267  -1.0757   0.0114  0.0000     0.0000   13.2815  0.00   0.0000     0.0000
 0106   3.9847   4.7525  -1.0448   0.3158  0.0000     0.0000   13.2431  0.00   0.0000     0.0000
 0107   3.9919   4.8200  -1.2520   0.6562  0.0000     0.0000   13.3382  0.00   0.0000     0.0000
 0108   3.9638   4.6996   0.1540  -0.0484  0.0000     0.0000   12.8053  0.00   0.0000     0.0000
 0109   3.9878   4.7657  -0.2723   0.3312  0.0000     0.0000   13.2466  0.00   0.0000     0.0000
 0000   3.5860   0.9257  -0.5619   0.1140  0.0000     0.0000   12.5737  0.00   0.0000     0.0000
 0001   3.5848   0.9693  -0.1710   0.0593  0.0000     0.0000   12.3123  0.00   0.0000     0.0000
 0002   3.6055   1.6098   0.0511   0.0507  0.0000     0.0000   12.4671  0.00   0.0000     0.0000
 0003   3.5556   1.6946  -0.0959   0.2328  0.0000     0.0000   12.4607  0.00   0.0000     0.0000
 0004   3.5910   2.7395  -0.0857   0.0871  0.0000     0.0000   12.2250  0.00   0.0000     0.0000
 0005   3.6312   0.8914  -1.7362   0.0778  0.0000     0.0000   13.0171  0.00   0.0000     0.0000
 0006   3.6285   1.2424  -1.1176   0.1371  0.0000     0.0000   13.2676  0.00   0.0000     0.0000
 0007   3.6404   1.2982  -1.0541   0.2237  0.0000     0.0000   11.3789  0.00   0.0000     0.0000
 0008   3.6234   1.2668  -0.3951   0.0731  0.0009     0.0008   13.1910  0.00   0.0009     0.0002
 0009   3.6309   0.5873  -0.3141   0.4360  0.0000     0.0000   12.4821  0.00   0.0000     0.0000
 0010   3.6811   2.0152  -2.0865   0.2768  0.0000     0.0000   12.9436  0.00   0.0000     0.0000
 0011   3.6623   1.8985  -0.6901   0.1031  0.0179     0.0176   13.0312  0.00   0.0179     0.0014
 0012   3.6708   1.9788  -1.0522   0.2759  0.0000     0.0000   13.1611  0.00   0.0000     0.0000
 0013   3.6529   2.0059  -0.1325   0.0675  0.0000     0.0000   12.6699  0.00   0.0000     0.0000
 0014   3.6729   2.0622  -0.2107   0.2387  0.0000     0.0000   13.1105  0.00   0.0000     0.0000
 0015   3.6930   2.4578  -2.1232   0.2739  0.0000     0.0000   13.2832  0.00   0.0000     0.0000
 0016   3.6987   2.9074  -0.7813   0.1217  0.0000     0.0000   13.3531  0.00   0.0000     0.0000
 0017   3.6955   2.8685  -0.9635   0.2565  0.0000     0.0000   13.5079  0.00   0.0000     0.0000
 0018   3.6836   2.8632  -0.0780   0.0642  0.0000     0.0000   12.6515  0.00   0.0000     0.0000
 0019   3.6912   2.9068  -0.2951   0.2364  0.0000     0.0000   13.0116  0.00   0.0000     0.0000
 0020   3.7181   3.9950  -2.0302   0.3141  0.0050     0.0047   13.8408  0.00   0.0050     0.0010
 0021   3.7170   3.4481  -0.5734   0.1285  0.0000     0.0000   13.6989  0.00   0.0000     0.0000
 0022   3.7097   4.0581  -0.8080   0.2766  0.0690     0.0683   13.2647  0.00   0.0690     0.0044
 0023   3.7012   3.8407  -0.0629   0.0464  0.0000     0.0000   13.4310  0.00   0.0000     0.0000
 0024   3.6983   3.7665   0.0216   0.2961  0.0000     0.0000   12.9907  0.00   0.0000     0.0000
 0025   3.7116   4.5621  -0.6418   0.1224  0.0000     0.0000   13.2531  0.00   0.0000     0.0000
 0026   3.7025   4.6317   0.0688   0.0338  0.0000     0.0000   13.4913  0.00   0.0000     0.0000
 0027   3.7201   4.8625  -0.3388   0.2198  0.0000     0.0000   13.5870  0.00   0.0000     0.0000
 0028   3.8171   2.1409  -2.9404   0.2133  0.0000     0.0000   13.3590  0.00   0.0000     0.0000
 0029   3.7655   1.9497  -2.4204   0.2750  0.0058     0.0055   14.0367  0.00   0.0058     0.0011
 0030   3.7757   2.3593  -0.2036  -0.0434  0.0469     0.0450   13.9446  0.00   0.0469     0.0062
 0031   3.7851   2.8658  -2.9796   0.0813  0.0000     0.0000   12.4990  0.00   0.0000     0.0000
 0032   3.8246   3.3659  -2.4920   0.1594  0.0000     0.0000   12.8868  0.00   0.0000     0.0000
 0033   3.8207   2.5838  -1.9610   0.3875  0.0000     0.0000   13.2403  0.00   0.0000     0.0000
 0034   3.7845   3.0500  -0.8111   0.0705  0.0000     0.0000   13.2525  0.00   0.0000     0.0000
 0035   3.7538   2.8948  -1.0907   0.2257  0.0000     0.0000   13.4924  0.00   0.0000     0.0000
 0036   3.7759   3.1890  -0.1180   0.0306  0.0000     0.0000   12.8152  0.00   0.0000     0.0000
 0037   3.7756   3.3630   0.1517   0.3227  0.0000     0.0000   12.3667  0.00   0.0000     0.0000
 0038   3.8138   3.1570  -0.3868   0.5872  0.0000     0.0000   13.6511  0.00   0.0000     0.0000
 0039   3.7771   4.1724  -3.3715   0.1209  0.0000     0.0000   12.2106  0.00   0.0000     0.0000
 0040   3.7653   4.0108  -2.9952   0.4010  0.0078     0.0075   13.7052  0.00   0.0078     0.0009
 0041   3.7960   3.9188  -1.9813   0.0659  0.0000     0.0000   12.1721  0.00   0.0000     0.0000
 0042   3.7913   3.8731  -1.7943   0.3178  0.0000     0.0000   13.4487  0.00   0.0000     0.0000
 0043   3.7939   4.1058  -0.7053   0.1024  0.0000     0.0000   13.3098  0.00   0.0000     0.0000
 0044   3.7817   4.0063  -0.8993   0.2680  0.0000     0.0000   13.5482  0.00   0.0000     0.0000
 0045   3.7904   4.1021  -0.1510   0.0605  0.0000     0.0000   13.0457  0.00   0.0000     0.0000
 0046   3.7704   3.9965  -0.0811   0.2635  0.0388     0.0376   13.1121  0.00   0.0388     0.0042
 0047   3.7531   3.8227   0.3939   0.6179  0.3265     0.3293   14.4388  0.00   0.3265     0.0064
 0048   3.7821   4.7370  -3.5639   0.1639  0.0000     0.0000   12.2135  0.00   0.0000     0.0000
 0049   3.8054   4.6324  -0.7078   0.1054  0.0000     0.0000   13.5562  0.00   0.0000     0.0000
 0050   3.7912   4.7609  -0.7195   0.2807  0.0000     0.0000   13.2716  0.00   0.0000     0.0000
 0051   3.7973   4.6121  -0.1644   0.0521  0.0000     0.0000   13.1387  0.00   0.0000     0.0000
 0052   3.7690   4.6315  -0.0901   0.3204  0.3992     0.4036   13.4366  0.00   0.3992     0.0065
 0053   3.8473   2.3147  -3.0749  -0.0629  0.0000     0.0000   11.4467  0.00   0.0000     0.0000
 0054   3.9332   2.2817  -2.6878   0.7588  0.0000     0.0000   11.8887  0.00   0.0000     0.0000
 0055   3.8806   2.3548  -0.1647   0.0506  0.0001     0.0001   12.4812  0.00   0.0001     0.0000
 0056   3.9189   2.6054  -2.9667   0.0313  0.0034     0.0032   12.4523  0.00   0.0034     0.0007
 0057   3.8877   3.1679  -1.8523   0.1237  0.0000     0.0000   13.1412  0.00   0.0000     0.0000
 0058   3.8880   2.9137  -2.1546   0.3886  0.0000     0.0000   12.8808  0.00   0.0000     0.0000
 0059   3.8756   2.9483  -0.9718   0.0835  0.0000     0.0000   12.2305  0.00   0.0000     0.0000
 0060   3.8800   3.2121  -1.3275   0.3488  0.0000     0.0000   13.1565  0.00   0.0000     0.0000
 0061   3.8982   3.2498  -1.5534   0.7005  0.0210     0.0208   14.2091  0.00   0.0210     0.0012
 0062   3.8775   3.1265  -0.1685   0.0146  0.0050     0.0048   12.3010  0.00   0.0050     0.0007
 0063   3.8699   3.7261  -2.9521  -0.1176  0.0000     0.0000   11.4714  0.00   0.0000     0.0000
 0064   3.8494   3.6652  -2.9011   0.2990  0.0000     0.0000   13.4662  0.00   0.0000     0.0000
 0065   3.9155   3.7913  -2.7507   0.6635  0.0000     0.0000   13.9691  0.00   0.0000     0.0000
 0066   3.8849   3.9097  -1.8512   0.0189  0.0027     0.0025   13.6685  0.00   0.0027     0.0004
 0067   3.8936   3.8949  -1.9674   0.3458  0.0000     0.0000   13.5999  0.00   0.0000     0.0000
 0068   3.9100   3.4704  -1.6686   0.7498  0.0000     0.0000   13.8252  0.00   0.0000     0.0000
 0069   3.8708   4.0865  -0.7611   0.0179  0.0000     0.0000   13.2192  0.00   0.0000     0.0000
 0070   3.8897   4.0294  -1.0214   0.3127  0.0000     0.0000   13.1389  0.00   0.0000     0.0000
 0071   3.9365   3.7453  -0.9325   0.8582  0.0000     0.0000   13.4954  0.00   0.0000     0.0000
 0072   3.8611   4.0330  -0.0047   0.0006  0.0000     0.0000   12.8616  0.00   0.0000     0.0000
 0073   3.8985   4.1128  -0.0722   0.2752  0.0000     0.0000   12.7673  0.00   0.0000     0.0000
 0074   3.8558   4.7471  -3.2581  -0.0089  0.0000     0.0000   11.5860  0.00   0.0000     0.0000
 0075   3.8879   4.8199  -2.0670   0.0536  0.0000     0.0000   13.6513  0.00   0.0000     0.0000
 0076   3.9208   4.6866  -2.0828   0.5411  0.0000     0.0000   13.7418  0.00   0.0000     0.0000
 0077   3.9352   4.9352  -2.0430   0.6165  0.0040     0.0038   13.7845  0.00   0.0040     0.0006
 0078   3.8779   4.7744  -0.7681   0.0007  0.0049     0.0047   12.8073  0.00   0.0049     0.0007
 0079   3.8795   4.7953  -0.8122   0.2954  0.0000     0.0000   13.6058  0.00   0.0000     0.0000
 0080   3.8710   4.6979   0.0172  -0.0323  0.0000     0.0000   12.8438  0.00   0.0000     0.0000
 0081   3.8970   4.6464  -0.1183   0.2861  0.0000     0.0000   13.4766  0.00   0.0000     0.0000
 0082   4.0003   2.8592  -3.0273   0.0248  0.0000     0.0000   11.3408  0.00   0.0000     0.0000
 0083   3.9993   2.8005  -2.9864   0.3709  0.0000     0.0000   11.2235  0.00   0.0000     0.0000
 0084   4.0241   3.0832  -3.4560   0.6653  0.0000     0.0000   11.5744  0.00   0.0000     0.0000
 0085   4.0104   3.0981  -1.9824   0.0808  0.0000     0.0000   11.8231  0.00   0.0000     0.0000
 0086   4.0053   2.9551  -2.1527   0.3704  0.0000     0.0000   11.8534  0.00   0.0000     0.0000
 0087   4.0201   2.9112  -2.0226   0.6471  0.0000     0.0000   11.5570  0.00   0.0000     0.0000
 0088   4.0107   3.0980  -0.9695   0.0227  0.0000     0.0000   11.9818  0.00   0.0000     0.0000
 0089   4.0152   3.0923  -1.1325   0.3949  0.0000     0.0000   11.7706  0.00   0.0000     0.0000
 0090   4.0151   3.0940  -1.2029   0.6521  0.0000     0.0000   12.0401  0.00   0.0000     0.0000
 0091   3.9816   3.2021  -0.2306   0.0033  0.0037     0.0035   12.0235  0.00   0.0037     0.0005
 0092   4.0017   3.1856  -0.3296   0.3800  0.0000     0.0000   12.3199  0.00   0.0000     0.0000
 0093   3.9935   3.7727  -2.8054   0.3708  0.0000     0.0000   11.2184  0.00   0.0000     0.0000
 0094   3.9999   3.8281  -1.9588   0.0180  0.0000     0.0000   12.9476  0.00   0.0000     0.0000
 0095   3.9925   3.8868  -2.0540   0.3356  0.0000     0.0000   11.8304  0.00   0.0000     0.0000
 0096   3.9771   3.7913  -2.0952   0.8983  0.0000     0.0000   13.5862  0.00   0.0000     0.0000
 0097   4.0009   3.8829  -0.9446   0.0484  0.0000     0.0000   12.3541  0.00   0.0000     0.0000
 0098   4.0023   3.8833  -1.0167   0.3761  0.0000     0.0000   12.3458  0.00   0.0000     0.0000
 0099   3.9924   3.8853  -1.0648   0.7319  0.0000     0.0000   13.4057  0.00   0.0000     0.0000
 0100   3.9815   4.1306  -0.0414  -0.0060  0.0000     0.0000   12.7982  0.00   0.0000     0.0000
 0101   3.9859   3.9449  -0.1575   0.3009  0.0374     0.0365   12.5817  0.00   0.0374     0.0036
 0102   3.9951   4.1050  -0.3574   0.6510  0.0000     0.0000   13.2205  0.00   0.0000     0.0000
 0103   3.9799   4.7842  -1.7706  -0.0153  0.0000     0.0000   13.1273  0.00   0.0000     0.0000
 0104   4.0060   4.4877  -1.9504   0.2771  0.0000     0.0000   13.2057  0.00   0.0000     0.0000
 0105   3.9659   4.7267  -1.0757   0.0114  0.0000     0.0000   13.2815  0.00   0.0000     0.0000
 0106   3.9847   4.7525  -1.0448   0.3158  0.0000     0.0000   13.2431  0.00   0.0000     0.0000
 0107   3.9919   4.8200  -1.2520   0.6562  0.0000     0.0000   13.3382  0.00   0.0000     0.0000
 0108   3.9638   4.6996   0.1540  -0.0484  0.0000     0.0000   12.8053  0.00   0.0000     0.0000
 0109   3.9878   4.7657  -0.2723   0.3312  0.0000     0.0000   13.2466  0.00   0.0000     0.0000
