#ID 0
13 2.9507704982808916
eline 5006.8400 0.0000 681.3835 29.0058 0.7760 0.0379 0.9686 8.3234 0.0000 0.0000 0.0000 0.0000 0.0000 0.0000 0.0000 0.0000 0.0000 0.0000
eline 4861.3600 0.0000 560.8878 32.6917 0.8205 0.0661 9.6660 6.7193 0.0000 0.0000 0.0000 0.0000 0.0000 0.0000 0.0000 0.0000 0.0000 0.0000
eline 3726.0300 0.0000 359.0226 27.2098 0.8533 0.0812 4.6595 10.9065 0.0000 0.0000 0.0000 0.0000 0.0000 0.0000 0.0000 0.0000 0.0000 0.0000
eline 3728.8200 0.0000 519.4633 27.7907 0.8396 0.0562 9.1926 12.2169 0.0000 0.0000 0.0000 0.0000 0.0000 0.0000 0.0000 0.0000 0.0000 0.0000
eline 4958.9100 0.0000 197.0311 9.6996 0.7744 0.0439 0.9781 4.5271 0.0000 0.0000 0.0000 0.0000 0.0000 0.0000 0.0000 0.0000 0.0000 0.0000
eline 4340.4900 0.0000 173.3756 29.3394 0.8822 0.0737 18.0907 10.8541 0.0000 0.0000 0.0000 0.0000 0.0000 0.0000 0.0000 0.0000 0.0000 0.0000
eline 4101.7700 0.0000 69.6630 9.8673 0.7891 0.0031 7.0246 7.2871 0.0000 0.0000 0.0000 0.0000 0.0000 0.0000 0.0000 0.0000 0.0000 0.0000
eline 3970.0700 0.0000 50.3085 13.2218 0.8216 0.0776 8.2974 8.8061 0.0000 0.0000 0.0000 0.0000 0.0000 0.0000 0.0000 0.0000 0.0000 0.0000
eline 5015.6800 0.0000 30.9592 11.8653 0.8168 0.0835 7.9828 10.3828 0.0000 0.0000 0.0000 0.0000 0.0000 0.0000 0.0000 0.0000 0.0000 0.0000
eline 3797.9000 0.0000 30.9592 15.2159 0.8668 0.0575 18.9999 11.7430 0.0000 0.0000 0.0000 0.0000 0.0000 0.0000 0.0000 0.0000 0.0000 0.0000
eline 3889.0500 0.0000 76.8041 11.2204 0.9003 0.0851 14.7725 10.9468 0.0000 0.0000 0.0000 0.0000 0.0000 0.0000 0.0000 0.0000 0.0000 0.0000
eline 3964.7300 0.0000 30.9592 14.9226 0.8018 0.0691 -6.8972 4.4785 0.0000 0.0000 0.0000 0.0000 0.0000 0.0000 0.0000 0.0000 0.0000 0.0000
poly1d -3.2372 0.6007 0.0008 0.0001 0.0000 0.0000 0.0000 0.0000 0.0000 0.0000 0.0000 0.0000 0.0000 0.0000 0.0000 0.0000 0.0000 0.0000
#ID 0
6 125.1049793598421
eline 6562.8500 0.0000 2869.1860 57.0857 0.7355 0.0116 -1.6714 4.8534 0.0000 0.0000 0.0000 0.0000 0.0000 0.0000 0.0000 0.0000 0.0000 0.0000
eline 6583.4500 0.0000 634.0920 52.0367 0.6777 0.0453 6.9302 2.3022 0.0000 0.0000 0.0000 0.0000 0.0000 0.0000 0.0000 0.0000 0.0000 0.0000
eline 6548.0500 0.0000 219.5624 50.6857 0.7317 0.0785 -15.5694 3.2947 0.0000 0.0000 0.0000 0.0000 0.0000 0.0000 0.0000 0.0000 0.0000 0.0000
eline 5876.0000 0.0000 138.4715 58.9232 0.8017 0.0939 -9.6401 4.0212 0.0000 0.0000 0.0000 0.0000 0.0000 0.0000 0.0000 0.0000 0.0000 0.0000
eline 5889.9500 0.0000 138.4715 69.6437 0.7709 0.0319 -3.0384 3.2310 0.0000 0.0000 0.0000 0.0000 0.0000 0.0000 0.0000 0.0000 0.0000 0.0000
poly1d 13.2800 2.8258 -0.0025 0.0005 0.0000 0.0000 0.0000 0.0000 0.0000 0.0000 0.0000 0.0000 0.0000 0.0000 0.0000 0.0000 0.0000 0.0000
#ID 0
5 1.1403667175621959
eline 6716.4400 0.0000 241.0979 9.7503 0.7023 0.0613 -1.0564 2.3928 0.0000 0.0000 0.0000 0.0000 0.0000 0.0000 0.0000 0.0000 0.0000 0.0000
eline 6730.8200 0.0000 165.4064 7.9953 0.6977 0.0728 -2.6210 3.0545 0.0000 0.0000 0.0000 0.0000 0.0000 0.0000 0.0000 0.0000 0.0000 0.0000
eline 7135.8000 0.0000 91.5737 4.0086 0.6716 0.0225 5.7214 2.9947 0.0000 0.0000 0.0000 0.0000 0.0000 0.0000 0.0000 0.0000 0.0000 0.0000
eline 6678.1500 0.0000 29.2248 3.2547 0.6410 0.0252 3.1764 2.0916 0.0000 0.0000 0.0000 0.0000 0.0000 0.0000 0.0000 0.0000 0.0000 0.0000
poly1d -0.2669 4.9427 0.0001 0.0007 0.0000 0.0000 0.0000 0.0000 0.0000 0.0000 0.0000 0.0000 0.0000 0.0000 0.0000 0.0000 0.0000 0.0000
#ID 0
4 12.061519444990317
eline 9531.1000 0.0000 1512.0452 38.3520 0.8824 0.0405 -2.7609 1.0217 0.0000 0.0000 0.0000 0.0000 0.0000 0.0000 0.0000 0.0000 0.0000 0.0000
eline 9069.0000 0.0000 307.7265 17.4604 0.8652 0.0514 -4.9360 4.4685 0.0000 0.0000 0.0000 0.0000 0.0000 0.0000 0.0000 0.0000 0.0000 0.0000
eline 9014.9100 0.0000 62.0986 20.2006 0.7736 0.0291 13.0086 2.4569 0.0000 0.0000 0.0000 0.0000 0.0000 0.0000 0.0000 0.0000 0.0000 0.0000
poly1d 52.5249 6.0001 -0.0057 0.0007 0.0000 0.0000 0.0000 0.0000 0.0000 0.0000 0.0000 0.0000 0.0000 0.0000 0.0000 0.0000 0.0000 0.0000
#ID 1
13 2.7581608316177526
eline 5006.8400 0.0000 690.4217 35.0053 0.7968 0.0687 -2.5344 2.1352 0.0000 0.0000 0.0000 0.0000 0.0000 0.0000 0.0000 0.0000 0.0000 0.0000
eline 4861.3600 0.0000 524.4215 20.4387 0.7279 0.0439 2.0471 5.5165 0.0000 0.0000 0.0000 0.0000 0.0000 0.0000 0.0000 0.0000 0.0000 0.0000
eline 3726.0300 0.0000 358.3878 21.6860 0.8068 0.0769 27.0635 12.1389 0.0000 0.0000 0.0000 0.0000 0.0000 0.0000 0.0000 0.0000 0.0000 0.0000
eline 3728.8200 0.0000 496.2804 24.9963 0.8318 0.0779 22.9122 8.4438 0.0000 0.0000 0.0000 0.0000 0.0000 0.0000 0.0000 0.0000 0.0000 0.0000
eline 4958.9100 0.0000 198.8282 9.5055 0.7781 0.0443 6.9070 5.8080 0.0000 0.0000 0.0000 0.0000 0.0000 0.0000 0.0000 0.0000 0.0000 0.0000
eline 4340.4900 0.0000 179.4303 32.4456 0.8788 0.1031 28.9049 13.5660 0.0000 0.0000 0.0000 0.0000 0.0000 0.0000 0.0000 0.0000 0.0000 0.0000
eline 4101.7700 0.0000 74.7178 11.8499 0.7879 0.0348 20.6581 10.1779 0.0000 0.0000 0.0000 0.0000 0.0000 0.0000 0.0000 0.0000 0.0000 0.0000
eline 3970.0700 0.0000 49.2597 12.0291 0.7610 0.0710 17.9091 10.8441 0.0000 0.0000 0.0000 0.0000 0.0000 0.0000 0.0000 0.0000 0.0000 0.0000
eline 5015.6800 0.0000 30.9576 11.4466 0.8169 0.0618 29.8642 11.8961 0.0000 0.0000 0.0000 0.0000 0.0000 0.0000 0.0000 0.0000 0.0000 0.0000
eline 3797.9000 0.0000 30.9576 12.0142 0.7734 0.0634 28.6774 13.0130 0.0000 0.0000 0.0000 0.0000 0.0000 0.0000 0.0000 0.0000 0.0000 0.0000
eline 3889.0500 0.0000 70.6294 9.7807 0.7891 0.0507 16.3096 7.4279 0.0000 0.0000 0.0000 0.0000 0.0000 0.0000 0.0000 0.0000 0.0000 0.0000
eline 3964.7300 0.0000 30.9576 12.4012 0.8220 0.0986 20.7093 7.7199 0.0000 0.0000 0.0000 0.0000 0.0000 0.0000 0.0000 0.0000 0.0000 0.0000
poly1d -3.6608 1.0786 0.0009 0.0002 0.0000 0.0000 0.0000 0.0000 0.0000 0.0000 0.0000 0.0000 0.0000 0.0000 0.0000 0.0000 0.0000 0.0000
#ID 1
6 123.29409684866361
eline 6562.8500 0.0000 2817.9915 47.1888 0.6913 0.0034 -1.2077 1.6574 0.0000 0.0000 0.0000 0.0000 0.0000 0.0000 0.0000 0.0000 0.0000 0.0000
eline 6583.4500 0.0000 633.0290 47.3373 0.6662 0.0247 3.2821 1.7628 0.0000 0.0000 0.0000 0.0000 0.0000 0.0000 0.0000 0.0000 0.0000 0.0000
eline 6548.0500 0.0000 207.3450 44.4515 0.6563 0.0033 -6.7863 2.3194 0.0000 0.0000 0.0000 0.0000 0.0000 0.0000 0.0000 0.0000 0.0000 0.0000
eline 5876.0000 0.0000 138.4569 61.2090 0.7934 0.0512 0.8952 2.9049 0.0000 0.0000 0.0000 0.0000 0.0000 0.0000 0.0000 0.0000 0.0000 0.0000
eline 5889.9500 0.0000 138.4569 75.9023 0.7481 0.0554 -7.6412 2.7343 0.0000 0.0000 0.0000 0.0000 0.0000 0.0000 0.0000 0.0000 0.0000 0.0000
poly1d 8.5107 2.1978 -0.0018 0.0004 0.0000 0.0000 0.0000 0.0000 0.0000 0.0000 0.0000 0.0000 0.0000 0.0000 0.0000 0.0000 0.0000 0.0000
#ID 1
5 1.1826205440207112
eline 6716.4400 0.0000 237.5851 4.2704 0.6673 0.0118 2.4634 2.8008 0.0000 0.0000 0.0000 0.0000 0.0000 0.0000 0.0000 0.0000 0.0000 0.0000
eline 6730.8200 0.0000 175.7405 7.6594 0.7561 0.0581 -3.4040 1.0683 0.0000 0.0000 0.0000 0.0000 0.0000 0.0000 0.0000 0.0000 0.0000 0.0000
eline 7135.8000 0.0000 93.2339 3.6838 0.6822 0.0133 2.2277 1.9411 0.0000 0.0000 0.0000 0.0000 0.0000 0.0000 0.0000 0.0000 0.0000 0.0000
eline 6678.1500 0.0000 31.4333 3.3129 0.6829 0.0231 -3.3581 2.8573 0.0000 0.0000 0.0000 0.0000 0.0000 0.0000 0.0000 0.0000 0.0000 0.0000
poly1d 2.0487 2.6509 -0.0002 0.0004 0.0000 0.0000 0.0000 0.0000 0.0000 0.0000 0.0000 0.0000 0.0000 0.0000 0.0000 0.0000 0.0000 0.0000
#ID 1
4 12.393945471059547
eline 9531.1000 0.0000 1399.5345 89.6842 0.7602 0.0876 -2.2816 2.8977 0.0000 0.0000 0.0000 0.0000 0.0000 0.0000 0.0000 0.0000 0.0000 0.0000
eline 9069.0000 0.0000 299.7920 19.5464 0.7940 0.0554 -3.4139 1.9549 0.0000 0.0000 0.0000 0.0000 0.0000 0.0000 0.0000 0.0000 0.0000 0.0000
eline 9014.9100 0.0000 62.0918 19.6895 0.7663 0.0323 -9.9143 1.7436 0.0000 0.0000 0.0000 0.0000 0.0000 0.0000 0.0000 0.0000 0.0000 0.0000
poly1d 31.0010 16.8658 -0.0034 0.0018 0.0000 0.0000 0.0000 0.0000 0.0000 0.0000 0.0000 0.0000 0.0000 0.0000 0.0000 0.0000 0.0000 0.0000
