#ID 0
3 5.678847916083687
eline 6562.8500 0.0000 14890.0805 109.4497 0.6613 0.0000 1.0858 3.0611 0.0000 0.0000 0.0000 0.0000 0.0000 0.0000 0.0000 0.0000 0.0000 0.0000
eline 6583.4500 0.0000 3335.2572 83.9261 0.6613 0.0000 1.0858 3.0611 0.0000 0.0000 0.0000 0.0000 0.0000 0.0000 0.0000 0.0000 0.0000 0.0000
eline 6548.0500 0.0000 1110.6406 77.0679 0.6613 0.0000 1.0858 3.0611 0.0000 0.0000 0.0000 0.0000 0.0000 0.0000 0.0000 0.0000 0.0000 0.0000
#ID 0
2 2.740602829289853
eline 6730.8200 0.0000 916.8438 51.0894 0.6682 0.0483 5.3139 3.5691 0.0000 0.0000 0.0000 0.0000 0.0000 0.0000 0.0000 0.0000 0.0000 0.0000
eline 6716.4400 0.0000 1489.3123 74.4216 0.6682 0.0483 5.3139 3.5691 0.0000 0.0000 0.0000 0.0000 0.0000 0.0000 0.0000 0.0000 0.0000 0.0000
#ID 0
3 81.98334274202927
eline 5006.8400 0.0000 3449.9668 445.6458 0.7773 0.0092 1.9506 1.2031 0.0000 0.0000 0.0000 0.0000 0.0000 0.0000 0.0000 0.0000 0.0000 0.0000
eline 4958.9100 0.0000 1148.8389 445.0883 0.7773 0.0092 1.9506 1.2031 0.0000 0.0000 0.0000 0.0000 0.0000 0.0000 0.0000 0.0000 0.0000 0.0000
eline 4861.3600 0.0000 2303.7145 446.4978 0.7773 0.0092 1.9506 1.2031 0.0000 0.0000 0.0000 0.0000 0.0000 0.0000 0.0000 0.0000 0.0000 0.0000
#ID 0
2 11.145339077595526
eline 4340.4900 0.0000 492.1925 149.7299 0.7074 0.0174 63.2126 1.2882 0.0000 0.0000 0.0000 0.0000 0.0000 0.0000 0.0000 0.0000 0.0000 0.0000
poly1d 32.7242 0.6330 0.0000 0.0000 0.0000 0.0000 0.0000 0.0000 0.0000 0.0000 0.0000 0.0000 0.0000 0.0000 0.0000 0.0000 0.0000 0.0000
#ID 0
2 4.910305048190174
eline 4101.7700 0.0000 27.4491 36.0420 0.2500 0.0000 25.5221 21.3705 0.0000 0.0000 0.0000 0.0000 0.0000 0.0000 0.0000 0.0000 0.0000 0.0000
poly1d 10.2679 0.8993 0.0000 0.0000 0.0000 0.0000 0.0000 0.0000 0.0000 0.0000 0.0000 0.0000 0.0000 0.0000 0.0000 0.0000 0.0000 0.0000
#ID 0
2 86.20795277860584
eline 6300.3000 0.0000 -1341.9808 823.7933 0.5512 0.2762 45.4566 9.6993 0.0000 0.0000 0.0000 0.0000 0.0000 0.0000 0.0000 0.0000 0.0000 0.0000
poly1d -47.5156 8.3323 0.0000 0.0000 0.0000 0.0000 0.0000 0.0000 0.0000 0.0000 0.0000 0.0000 0.0000 0.0000 0.0000 0.0000 0.0000 0.0000
#ID 0
3 38.370154337370366
eline 3726.0300 0.0000 1902.7315 297.6239 0.7336 0.0173 24.1752 1.7822 0.0000 0.0000 0.0000 0.0000 0.0000 0.0000 0.0000 0.0000 0.0000 0.0000
eline 3728.8200 0.0000 2667.1346 299.0493 0.7336 0.0173 24.1752 1.7822 0.0000 0.0000 0.0000 0.0000 0.0000 0.0000 0.0000 0.0000 0.0000 0.0000
poly1d 15.8606 1.3557 0.0000 0.0000 0.0000 0.0000 0.0000 0.0000 0.0000 0.0000 0.0000 0.0000 0.0000 0.0000 0.0000 0.0000 0.0000 0.0000
#ID 0
2 22.98304747890498
eline 9069.0000 0.0000 1769.8339 153.4773 0.7353 0.0000 -0.3872 2.4390 0.0000 0.0000 0.0000 0.0000 0.0000 0.0000 0.0000 0.0000 0.0000 0.0000
poly1d 33.2650 1.0383 0.0000 0.0000 0.0000 0.0000 0.0000 0.0000 0.0000 0.0000 0.0000 0.0000 0.0000 0.0000 0.0000 0.0000 0.0000 0.0000
#ID 0
2 129.10816149664655
eline 9531.1000 0.0000 8346.1686 572.7967 0.7813 0.0647 -1.8751 2.2573 0.0000 0.0000 0.0000 0.0000 0.0000 0.0000 0.0000 0.0000 0.0000 0.0000
poly1d 186.6816 3.0658 0.0000 0.0000 0.0000 0.0000 0.0000 0.0000 0.0000 0.0000 0.0000 0.0000 0.0000 0.0000 0.0000 0.0000 0.0000 0.0000
