3 13.492364245231201
eline 6562.8500 0.0000 17598.2719 296.0228 0.6767 0.0241 0.7995 0.7690 0.0000 0.0000 0.0000 0.0000 0.0000 0.0000 0.0000 0.0000 0.0000 0.0000
eline 6583.4500 0.0000 4026.2012 93.3578 0.6767 0.0241 0.7995 0.7690 0.0000 0.0000 0.0000 0.0000 0.0000 0.0000 0.0000 0.0000 0.0000 0.0000
eline 6548.0500 0.0000 1340.7250 78.8349 0.6767 0.0241 0.7995 0.7690 0.0000 0.0000 0.0000 0.0000 0.0000 0.0000 0.0000 0.0000 0.0000 0.0000
2 2.1089529966034393
eline 6730.8200 0.0000 1100.1296 25.4261 0.6525 0.0187 2.1135 0.2259 0.0000 0.0000 0.0000 0.0000 0.0000 0.0000 0.0000 0.0000 0.0000 0.0000
eline 6716.4400 0.0000 1546.7903 29.2666 0.6525 0.0187 2.1135 0.2259 0.0000 0.0000 0.0000 0.0000 0.0000 0.0000 0.0000 0.0000 0.0000 0.0000
3 40.30001942628301
eline 5006.8400 0.0000 4007.5332 239.5680 0.7652 0.0554 3.1137 0.3843 0.0000 0.0000 0.0000 0.0000 0.0000 0.0000 0.0000 0.0000 0.0000 0.0000
eline 4958.9100 0.0000 1334.5086 177.4919 0.7652 0.0554 3.1137 0.3843 0.0000 0.0000 0.0000 0.0000 0.0000 0.0000 0.0000 0.0000 0.0000 0.0000
eline 4861.3600 0.0000 3037.1577 215.8112 0.7652 0.0554 3.1137 0.3843 0.0000 0.0000 0.0000 0.0000 0.0000 0.0000 0.0000 0.0000 0.0000 0.0000
2 21.400650732280507
eline 4340.4900 0.0000 595.6401 116.0250 0.6518 0.0688 62.1198 4.8062 0.0000 0.0000 0.0000 0.0000 0.0000 0.0000 0.0000 0.0000 0.0000 0.0000
poly1d -0.4585 1.1102 0.0000 0.0000 0.0000 0.0000 0.0000 0.0000 0.0000 0.0000 0.0000 0.0000 0.0000 0.0000 0.0000 0.0000 0.0000 0.0000
2 9.687530568717667
eline 4101.7700 0.0000 122.8979 60.6409 0.5133 0.0000 67.0194 3.6117 0.0000 0.0000 0.0000 0.0000 0.0000 0.0000 0.0000 0.0000 0.0000 0.0000
poly1d -3.4691 0.4652 0.0000 0.0000 0.0000 0.0000 0.0000 0.0000 0.0000 0.0000 0.0000 0.0000 0.0000 0.0000 0.0000 0.0000 0.0000 0.0000
2 21.846215504224492
eline 6300.3000 0.0000 2.4140 152.0393 0.6798 0.3315 12.4972 22.3607 0.0000 0.0000 0.0000 0.0000 0.0000 0.0000 0.0000 0.0000 0.0000 0.0000
poly1d -12.8441 1.8933 0.0000 0.0000 0.0000 0.0000 0.0000 0.0000 0.0000 0.0000 0.0000 0.0000 0.0000 0.0000 0.0000 0.0000 0.0000 0.0000
3 84.24197480319486
eline 3726.0300 0.0000 2335.9286 272.3729 0.7840 0.0099 21.6720 2.6847 0.0000 0.0000 0.0000 0.0000 0.0000 0.0000 0.0000 0.0000 0.0000 0.0000
eline 3728.8200 0.0000 3526.3498 273.4387 0.7840 0.0099 21.6720 2.6847 0.0000 0.0000 0.0000 0.0000 0.0000 0.0000 0.0000 0.0000 0.0000 0.0000
poly1d 6.5120 1.5445 0.0000 0.0000 0.0000 0.0000 0.0000 0.0000 0.0000 0.0000 0.0000 0.0000 0.0000 0.0000 0.0000 0.0000 0.0000 0.0000
2 108.63966549604501
eline 9069.0000 0.0000 2116.5980 194.4933 0.8652 0.0354 -0.4777 1.5115 0.0000 0.0000 0.0000 0.0000 0.0000 0.0000 0.0000 0.0000 0.0000 0.0000
poly1d 37.1209 0.3974 0.0000 0.0000 0.0000 0.0000 0.0000 0.0000 0.0000 0.0000 0.0000 0.0000 0.0000 0.0000 0.0000 0.0000 0.0000 0.0000
2 418.2308867611504
eline 9531.1000 0.0000 9530.7507 603.1346 0.8047 0.0442 -1.8550 1.1121 0.0000 0.0000 0.0000 0.0000 0.0000 0.0000 0.0000 0.0000 0.0000 0.0000
poly1d 194.9092 4.5438 0.0000 0.0000 0.0000 0.0000 0.0000 0.0000 0.0000 0.0000 0.0000 0.0000 0.0000 0.0000 0.0000 0.0000 0.0000 0.0000
